20 <- 10 -> 50
30 <- 20 -> 40
. <- 30 -> .
. <- 40 -> .
60 <- 50 -> 90
70 <- 60 -> .
. <- 70 -> 80
. <- 80 -> .
100 <- 90 -> 110
. <- 100 -> 120
. <- 120 -> .
. <- 110 -> .
6
