2 <- 1 -> .
3 <- 2 -> 4
4 <- 3 -> .
. <- 4 -> .
6 <- 4 -> 7
. <- 6 -> .
8 <- 7 -> 9
. <- 8 -> .
. <- 9 -> .
