2 <- 1 -> 3
4 <- 2 -> 5
8 <- 4 -> 9
. <- 8 -> .
. <- 9 -> .
10 <- 5 -> 11
. <- 10 -> .
. <- 11 -> .
6 <- 3 -> 7
. <- 6 -> 13
. <- 13 -> .
14 <- 7 -> .
. <- 14 -> .
size is 13
height is 3
find is true
pred is 2
succ is 5
ceil is 11
floor is 9
