41 <- 55 -> 64
16 <- 41 -> 46
. <- 16 -> 25
. <- 25 -> .
42 <- 46 -> 53
. <- 42 -> .
. <- 53 -> .
62 <- 64 -> 70
60 <- 62 -> 63
. <- 60 -> .
. <- 63 -> .
65 <- 70 -> 74
. <- 65 -> .
. <- 74 -> .
pred is 25
succ is 42
