2 <- 1 -> 7
3 <- 2 -> 5
4 <- 3 -> .
. <- 4 -> 6
4 <- 6 -> 8
. <- 4 -> 6
4 <- 6 -> 8
. <- 4 -> 6
4 <- 6 -> 8
. <- 4 -> 6
4 <- 6 -> 8
. <- 4 -> 6
4 <- 6 -> 8
. <- 4 -> 6
4 <- 6 -> 8
. <- 4 -> 6
4 <- 6 -> 8
. <- 4 -> 6
4 <- 6 -> 8
. <- 4 -> 6
4 <- 6 -> 8
. <- 4 -> 6
4 <- 6 -> 8
. <- 4 -> 6
4 <- 6 -> 8
. <- 4 -> 6
4 <- 6 -> 8
. <- 4 -> 6
4 <- 6 -> 8
. <- 4 -> 6
4 <- 6 -> 8
. <- 4 -> 6
4 <- 6 -> 8
. <- 4 -> 6
4 <- 6 -> 8
. <- 4 -> 6
4 <- 6 -> 8
. <- 4 -> 6
4 <- 6 -> 8
. <- 4 -> 6
4 <- 6 -> 8
. <- 4 -> 6
4 <- 6 -> 8
. <- 4 -> 6
4 <- 6 -> 8
. <- 4 -> 6
4 <- 6 -> 8
. <- 4 -> 6
4 <- 6 -> 8
. <- 4 -> 6
4 <- 6 -> 8
. <- 4 -> 6
4 <- 6 -> 8
. <- 4 -> 6
4 <- 6 -> 8
. <- 4 -> 6
4 <- 6 -> 8
. <- 4 -> 6
4 <- 6 -> 8
. <- 4 -> 6
4 <- 6 -> 8
. <- 4 -> 6
4 <- 6 -> 8
. <- 4 -> 6
4 <- 6 -> 8
. <- 4 -> 6
4 <- 6 -> 8
. <- 4 -> 6
4 <- 6 -> 8
. <- 4 -> 6
4 <- 6 -> 8
. <- 4 -> 6
4 <- 6 -> 8
. <- 4 -> 6
4 <- 6 -> 8
. <- 4 -> 6
4 <- 6 -> 8
. <- 4 -> 6
4 <- 6 -> 8
. <- 4 -> 6
4 <- 6 -> 8
. <- 4 -> 6
4 <- 6 -> 8
. <- 4 -> 6
4 <- 6 -> 8
. <- 4 -> 6
4 <- 6 -> 8
. <- 4 -> 6
4 <- 6 -> 8
. <- 4 -> 6
4 <- 6 -> 8
. <- 4 -> 6
4 <- 6 -> 8
. <- 4 -> 6
4 <- 6 -> 8
. <- 4 -> 6
4 <- 6 -> 8
. <- 4 -> 6
4 <- 6 -> 8
. <- 4 -> 6
4 <- 6 -> 8
. <- 4 -> 6
4 <- 6 -> 8
. <- 4 -> 6
4 <- 6 -> 8
. <- 4 -> 6
4 <- 6 -> 8
. <- 4 -> 6
4 <- 6 -> 8
. <- 4 -> 6
4 <- 6 -> 8
. <- 4 -> 6
4 <- 6 -> 8
. <- 4 -> 6
4 <- 6 -> 8
. <- 4 -> 6
4 <- 6 -> 8
. <- 4 -> 6
4 <- 6 -> 8
. <- 4 -> 6
4 <- 6 -> 8
. <- 4 -> 6
4 <- 6 -> 8
. <- 4 -> 6
4 <- 6 -> 8
. <- 4 -> 6
4 <- 6 -> 8
. <- 4 -> 6
4 <- 6 -> 8
. <- 4 -> 6
4 <- 6 -> 8
. <- 4 -> 6
4 <- 6 -> 8
. <- 4 -> 6
4 <- 6 -> 8
. <- 4 -> 6
4 <- 6 -> 8
. <- 4 -> 6
4 <- 6 -> 8
. <- 4 -> 6
4 <- 6 -> 8
. <- 4 -> 6
4 <- 6 -> 8
. <- 4 -> 6
4 <- 6 -> 8
. <- 4 -> 6
4 <- 6 -> 8
. <- 4 -> 6
4 <- 6 -> 8
. <- 4 -> 6
4 <- 6 -> 8
. <- 4 -> 6
4 <- 6 -> 8
. <- 4 -> 6
4 <- 6 -> 8
. <- 4 -> 6
4 <- 6 -> 8
. <- 4 -> 6
4 <- 6 -> 8
. <- 4 -> 6
4 <- 6 -> 8
. <- 4 -> 6
4 <- 6 -> 8
. <- 4 -> 6
4 <- 6 -> 8
. <- 4 -> 6
4 <- 6 -> 8
. <- 4 -> 6
4 <- 6 -> 8
. <- 4 -> 6
4 <- 6 -> 8
. <- 4 -> 6
4 <- 6 -> 8
. <- 4 -> 6
4 <- 6 -> 8
. <- 4 -> 6
4 <- 6 -> 8
. <- 4 -> 6
4 <- 6 -> 8
. <- 4 -> 6
4 <- 6 -> 8
. <- 4 -> 6
4 <- 6 -> 8
. <- 4 -> 6
4 <- 6 -> 8
. <- 4 -> 6
4 <- 6 -> 8
. <- 4 -> 6
4 <- 6 -> 8
. <- 4 -> 6
4 <- 6 -> 8
. <- 4 -> 6
4 <- 6 -> 8
. <- 4 -> 6
4 <- 6 -> 8
. <- 4 -> 6
4 <- 6 -> 8
. <- 4 -> 6
4 <- 6 -> 8
. <- 4 -> 6
4 <- 6 -> 8
. <- 4 -> 6
4 <- 6 -> 8
. <- 4 -> 6
4 <- 6 -> 8
. <- 4 -> 6
4 <- 6 -> 8
. <- 4 -> 6
4 <- 6 -> 8
. <- 4 -> 6
4 <- 6 -> 8
. <- 4 -> 6
4 <- 6 -> 8
. <- 4 -> 6
4 <- 6 -> 8
. <- 4 -> 6
4 <- 6 -> 8
. <- 4 -> 6
4 <- 6 -> 8
. <- 4 -> 6
4 <- 6 -> 8
. <- 4 -> 6
4 <- 6 -> 8
. <- 4 -> 6
4 <- 6 -> 8
. <- 4 -> 6
4 <- 6 -> 8
. <- 4 -> 6
4 <- 6 -> 8
. <- 4 -> 6
4 <- 6 -> 8
. <- 4 -> 6
4 <- 6 -> 8
. <- 4 -> 6
4 <- 6 -> 8
. <- 4 -> 6
4 <- 6 -> 8
. <- 4 -> 6
4 <- 6 -> 8
. <- 4 -> 6
4 <- 6 -> 8
. <- 4 -> 6
4 <- 6 -> 8
. <- 4 -> 6
4 <- 6 -> 8
. <- 4 -> 6
4 <- 6 -> 8
. <- 4 -> 6
4 <- 6 -> 8
. <- 4 -> 6
4 <- 6 -> 8
. <- 4 -> 6
4 <- 6 -> 8
. <- 4 -> 6
4 <- 6 -> 8
. <- 4 -> 6
4 <- 6 -> 8
. <- 4 -> 6
4 <- 6 -> 8
. <- 4 -> 6
4 <- 6 -> 8
. <- 4 -> 6
4 <- 6 -> 8
. <- 4 -> 6
4 <- 6 -> 8
. <- 4 -> 6
4 <- 6 -> 8
. <- 4 -> 6
4 <- 6 -> 8
. <- 4 -> 6
4 <- 6 -> 8
. <- 4 -> 6
4 <- 6 -> 8
. <- 4 -> 6
4 <- 6 -> 8
. <- 4 -> 6
4 <- 6 -> 8
. <- 4 -> 6
4 <- 6 -> 8
. <- 4 -> 6
4 <- 6 -> 8
. <- 4 -> 6
4 <- 6 -> 8
. <- 4 -> 6
4 <- 6 -> 8
. <- 4 -> 6
4 <- 6 -> 8
. <- 4 -> 6
4 <- 6 -> 8
. <- 4 -> 6
4 <- 6 -> 8
. <- 4 -> 6
4 <- 6 -> 8
. <- 4 -> 6
4 <- 6 -> 8
. <- 4 -> 6
4 <- 6 -> 8
. <- 4 -> 6
4 <- 6 -> 8
. <- 4 -> 6
4 <- 6 -> 8
. <- 4 -> 6
4 <- 6 -> 8
. <- 4 -> 6
4 <- 6 -> 8
. <- 4 -> 6
4 <- 6 -> 8
. <- 4 -> 6
4 <- 6 -> 8
. <- 4 -> 6
4 <- 6 -> 8
. <- 4 -> 6
4 <- 6 -> 8
. <- 4 -> 6
4 <- 6 -> 8
. <- 4 -> 6
4 <- 6 -> 8
. <- 4 -> 6
4 <- 6 -> 8
. <- 4 -> 6
4 <- 6 -> 8
. <- 4 -> 6
4 <- 6 -> 8
. <- 4 -> 6
4 <- 6 -> 8
. <- 4 -> 6
4 <- 6 -> 8
. <- 4 -> 6
4 <- 6 -> 8
. <- 4 -> 6
4 <- 6 -> 8
. <- 4 -> 6
4 <- 6 -> 8
. <- 4 -> 6
4 <- 6 -> 8
. <- 4 -> 6
4 <- 6 -> 8
. <- 4 -> 6
4 <- 6 -> 8
. <- 4 -> 6
4 <- 6 -> 8
. <- 4 -> 6
4 <- 6 -> 8
. <- 4 -> 6
4 <- 6 -> 8
. <- 4 -> 6
4 <- 6 -> 8
. <- 4 -> 6
4 <- 6 -> 8
. <- 4 -> 6
4 <- 6 -> 8
. <- 4 -> 6
4 <- 6 -> 8
. <- 4 -> 6
4 <- 6 -> 8
. <- 4 -> 6
4 <- 6 -> 8
. <- 4 -> 6
4 <- 6 -> 8
. <- 4 -> 6
4 <- 6 -> 8
. <- 4 -> 6
4 <- 6 -> 8
. <- 4 -> 6
4 <- 6 -> 8
. <- 4 -> 6
4 <- 6 -> 8
. <- 4 -> 6
4 <- 6 -> 8
. <- 4 -> 6
4 <- 6 -> 8
. <- 4 -> 6
4 <- 6 -> 8
. <- 4 -> 6
4 <- 6 -> 8
. <- 4 -> 6
4 <- 6 -> 8
. <- 4 -> 6
4 <- 6 -> 8
. <- 4 -> 6
4 <- 6 -> 8
. <- 4 -> 6
4 <- 6 -> 8
. <- 4 -> 6
4 <- 6 -> 8
. <- 4 -> 6
4 <- 6 -> 8
. <- 4 -> 6
4 <- 6 -> 8
. <- 4 -> 6
4 <- 6 -> 8
. <- 4 -> 6
4 <- 6 -> 8
. <- 4 -> 6
4 <- 6 -> 8
. <- 4 -> 6
4 <- 6 -> 8
. <- 4 -> 6
4 <- 6 -> 8
. <- 4 -> 6
4 <- 6 -> 8
. <- 4 -> 6
4 <- 6 -> 8
. <- 4 -> 6
4 <- 6 -> 8
. <- 4 -> 6
4 <- 6 -> 8
. <- 4 -> 6
4 <- 6 -> 8
. <- 4 -> 6
4 <- 6 -> 8
. <- 4 -> 6
4 <- 6 -> 8
. <- 4 -> 6
4 <- 6 -> 8
. <- 4 -> 6
4 <- 6 -> 8
. <- 4 -> 6
4 <- 6 -> 8
. <- 4 -> 6
4 <- 6 -> 8
. <- 4 -> 6
4 <- 6 -> 8
. <- 4 -> 6
4 <- 6 -> 8
. <- 4 -> 6
4 <- 6 -> 8
. <- 4 -> 6
4 <- 6 -> 8
. <- 4 -> 6
4 <- 6 -> 8
. <- 4 -> 6
4 <- 6 -> 8
. <- 4 -> 6
4 <- 6 -> 8
. <- 4 -> 6
4 <- 6 -> 8
. <- 4 -> 6
4 <- 6 -> 8
. <- 4 -> 6
4 <- 6 -> 8
. <- 4 -> 6
4 <- 6 -> 8
. <- 4 -> 6
4 <- 6 -> 8
. <- 4 -> 6
4 <- 6 -> 8
. <- 4 -> 6
4 <- 6 -> 8
. <- 4 -> 6
4 <- 6 -> 8
. <- 4 -> 6
4 <- 6 -> 8
. <- 4 -> 6
4 <- 6 -> 8
. <- 4 -> 6
4 <- 6 -> 8
. <- 4 -> 6
4 <- 6 -> 8
. <- 4 -> 6
4 <- 6 -> 8
. <- 4 -> 6
4 <- 6 -> 8
. <- 4 -> 6
4 <- 6 -> 8
. <- 4 -> 6
4 <- 6 -> 8
. <- 4 -> 6
4 <- 6 -> 8
. <- 4 -> 6
4 <- 6 -> 8
. <- 4 -> 6
4 <- 6 -> 8
. <- 4 -> 6
4 <- 6 -> 8
. <- 4 -> 6
4 <- 6 -> 8
. <- 4 -> 6
4 <- 6 -> 8
. <- 4 -> 6
4 <- 6 -> 8
. <- 4 -> 6
4 <- 6 -> 8
. <- 4 -> 6
4 <- 6 -> 8
. <- 4 -> 6
4 <- 6 -> 8
. <- 4 -> 6
4 <- 6 -> 8
. <- 4 -> 6
4 <- 6 -> 8
. <- 4 -> 6
4 <- 6 -> 8
. <- 4 -> 6
4 <- 6 -> 8
. <- 4 -> 6
4 <- 6 -> 8
. <- 4 -> 6
4 <- 6 -> 8
. <- 4 -> 6
4 <- 6 -> 8
. <- 4 -> 6
4 <- 6 -> 8
. <- 4 -> 6
4 <- 6 -> 8
. <- 4 -> 6
4 <- 6 -> 8
. <- 4 -> 6
4 <- 6 -> 8
. <- 4 -> 6
4 <- 6 -> 8
. <- 4 -> 6
4 <- 6 -> 8
. <- 4 -> 6
4 <- 6 -> 8
. <- 4 -> 6
4 <- 6 -> 8
. <- 4 -> 6
4 <- 6 -> 8
. <- 4 -> 6
4 <- 6 -> 8
. <- 4 -> 6
4 <- 6 -> 8
. <- 4 -> 6
4 <- 6 -> 8
. <- 4 -> 6
4 <- 6 -> 8
. <- 4 -> 6
4 <- 6 -> 8
. <- 4 -> 6
4 <- 6 -> 8
. <- 4 -> 6
4 <- 6 -> 8
. <- 4 -> 6
4 <- 6 -> 8
. <- 4 -> 6
4 <- 6 -> 8
. <- 4 -> 6
4 <- 6 -> 8
. <- 4 -> 6
4 <- 6 -> 8
. <- 4 -> 6
4 <- 6 -> 8
. <- 4 -> 6
4 <- 6 -> 8
. <- 4 -> 6
4 <- 6 -> 8
. <- 4 -> 6
4 <- 6 -> 8
. <- 4 -> 6
4 <- 6 -> 8
. <- 4 -> 6
4 <- 6 -> 8
. <- 4 -> 6
4 <- 6 -> 8
. <- 4 -> 6
4 <- 6 -> 8
. <- 4 -> 6
4 <- 6 -> 8
. <- 4 -> 6
4 <- 6 -> 8
. <- 4 -> 6
4 <- 6 -> 8
. <- 4 -> 6
4 <- 6 -> 8
. <- 4 -> 6
4 <- 6 -> 8
. <- 4 -> 6
4 <- 6 -> 8
. <- 4 -> 6
4 <- 6 -> 8
. <- 4 -> 6
4 <- 6 -> 8
. <- 4 -> 6
4 <- 6 -> 8
. <- 4 -> 6
4 <- 6 -> 8
. <- 4 -> 6
4 <- 6 -> 8
. <- 4 -> 6
4 <- 6 -> 8
. <- 4 -> 6
4 <- 6 -> 8
. <- 4 -> 6
4 <- 6 -> 8
. <- 4 -> 6
4 <- 6 -> 8
. <- 4 -> 6
4 <- 6 -> 8
. <- 4 -> 6
4 <- 6 -> 8
. <- 4 -> 6
4 <- 6 -> 8
. <- 4 -> 6
4 <- 6 -> 8
. <- 4 -> 6
4 <- 6 -> 8
. <- 4 -> 6
4 <- 6 -> 8
. <- 4 -> 6
4 <- 6 -> 8
. <- 4 -> 6
4 <- 6 -> 8
. <- 4 -> 6
4 <- 6 -> 8
. <- 4 -> 6
4 <- 6 -> 8
. <- 4 -> 6
4 <- 6 -> 8
. <- 4 -> 6
4 <- 6 -> 8
. <- 4 -> 6
4 <- 6 -> 8
. <- 4 -> 6
4 <- 6 -> 8
. <- 4 -> 6
4 <- 6 -> 8
. <- 4 -> 6
4 <- 6 -> 8
. <- 4 -> 6
4 <- 6 -> 8
. <- 4 -> 6
4 <- 6 -> 8
. <- 4 -> 6
4 <- 6 -> 8
. <- 4 -> 6
4 <- 6 -> 8
. <- 4 -> 6
4 <- 6 -> 8
. <- 4 -> 6
4 <- 6 -> 8
. <- 4 -> 6
4 <- 6 -> 8
. <- 4 -> 6
4 <- 6 -> 8
. <- 4 -> 6
4 <- 6 -> 8
. <- 4 -> 6
4 <- 6 -> 8
. <- 4 -> 6
4 <- 6 -> 8
. <- 4 -> 6
4 <- 6 -> 8
. <- 4 -> 6
4 <- 6 -> 8
. <- 4 -> 6
4 <- 6 -> 8
. <- 4 -> 6
4 <- 6 -> 8
. <- 4 -> 6
4 <- 6 -> 8
. <- 4 -> 6
4 <- 6 -> 8
. <- 4 -> 6
4 <- 6 -> 8
. <- 4 -> 6
4 <- 6 -> 8
. <- 4 -> 6
4 <- 6 -> 8
. <- 4 -> 6
4 <- 6 -> 8
. <- 4 -> 6
4 <- 6 -> 8
. <- 4 -> 6
4 <- 6 -> 8
