20 <- 10 -> .
40 <- 20 -> 50
. <- 40 -> .
60 <- 50 -> 90
70 <- 60 -> .
. <- 70 -> 80
. <- 80 -> .
70 <- 90 -> 110
. <- 70 -> 120
. <- 120 -> .
. <- 110 -> .
4
